2.0	11.6078228883
2.0	21.2179209974
2.0	3.15918722175
2.0	14.1330144938
2.0	4.99656178664
2.0	4.56280784343
2.0	1.3407554625
2.0	12.7425793551
2.0	18.6998346184
2.0	16.7884970713
2.0	3.79850403083
2.0	23.8026289487
2.0	16.7398082715
2.0	26.0362577433
2.0	20.8228506415
2.0	2.89593158087
2.0	1.65962999558
2.0	13.6001912774
2.0	8.62340570897
2.0	23.2226218026
1.0	36.9114561087
1.0	12.8231418714
1.0	45.6664146835
1.0	58.3656178094
1.0	30.8218442698
1.0	55.7946415119
1.0	25.6049249924
1.0	27.0940903952
1.0	31.9432618704
1.0	37.0694280185
1.0	36.1183433591
1.0	31.050408685
1.0	54.9221841831
1.0	4.76617249672
1.0	19.9830826089
1.0	21.133018095
1.0	68.6236796863
1.0	10.9148995861
1.0	37.4223687748
1.0	13.074237085
3.0	62.7979008908
3.0	9.01225413057
3.0	36.6786416847
3.0	37.3146906967
3.0	51.8535749816
3.0	27.2088072868
3.0	63.7285545417
3.0	6.17900089185
3.0	23.0770462372
3.0	15.1848121607
3.0	42.2924081468
3.0	101.503618605
3.0	43.3854557604
3.0	15.2918691562
3.0	50.9435771317
3.0	46.2156924704
3.0	35.7026112188
3.0	31.2945225671
3.0	107.477466556
3.0	58.0830619959
0.0	21.959786456
0.0	0.0
0.0	14.3560859828
0.0	0.0
0.0	0.0
0.0	0.0
0.0	18.3150440679
0.0	0.0
0.0	13.5791595084
0.0	0.0
0.0	6.33287442199
0.0	0.0
0.0	21.5807947759
0.0	21.3604032266
0.0	15.2084253782
0.0	15.6920928873
0.0	0.0
0.0	19.2496354441
0.0	0.0
0.0	17.167272728
