-2.518391796741023	2.2338718677091087
-1.8862849588306725	4.221877326266985
-2.531327072357467	2.9081048033853163
3.60334631119116	-4.127995136134438
1.8703014956928967	-2.953004536497991
-2.3540061177216445	2.5442006265633346
-4.190930266564019	3.870035319085298
4.5846463499995505	-4.5405475341324575
3.183989798537293	-2.1444316715269727
4.2171857837682865	-3.978143428778392
-2.634861958692897	2.2899901902420567
-4.729966597566945	5.206257778771033
4.307568753258561	-4.81814228423359
3.4034039245862244	-3.3087981092391248
-2.448746447664784	1.8798558147962676
-0.9218452306628558	1.0054799018928824
3.576183690900302	-3.803800941497605
-5.139956800892031	5.568798338688765
4.573745500742451	-2.0030890666996406
-4.8696777286380835	4.225298755869011
