0.5864937003865048
0.6304724833435718
0.08657220049731766
0.6331831613873067
0.4332063973033962
0.059082800714942214
0.20594644075066176
0.39936499321308194
0.6534139583722951
0.6579296119136142
0.11807320902889365
0.6616861128753511
0.6532152407175122
0.35368308622272593
0.5749218417764294
0.10176592660479529
0.2893240626908188
0.6340513169650795
0.5678555148783316
0.6545908760002814
0.4447898314060793
0.019681575155056686
0.608093455268315
0.6414120096269048
0.4597253517843661
0.5341438603916415
0.519000397481948
0.26245039837230927
0.44464072675162
0.13192896776372376
0.48229075882170686
0.01801482368058711
0.2053465470408532
0.024564895536049427
0.058735428802045166
0.5927753798803611
0.4724274715914269
0.21967722749659768
0.6493264480755463
0.019129871609395627
0.3064917226310892
0.2540785752573259
0.5421074222719029
0.5705215252603091
0.1471941967334284
0.35776403135318613
0.31357192430852243
0.43972560967957863
0.4853497747834402
0.5309887627139083
0.20500099303560884
0.4604374216205678
0.44442602475201
0.12322147405777659
0.07869893296565761
0.3654456513833246
0.6547419301471038
0.22930541244240205
0.41587620986009405
0.1776260984914835
0.5274442460510127
0.19597772201128655
0.371845008274988
0.4760718143745567
0.6252969784007428
0.6544704860850524
0.3995415732776833
0.09840037675256072
0.10944703198398278
0.19712975492895057
0.6035727030898522
0.19558207182868248
0.5861635408478868
0.18996342639982816
0.6393737029662285
0.23406359002134203
0.15605359966439442
0.19398728064710002
0.42672625040141354
0.3419711254292549
0.2349524374223797
0.5976461016978002
0.41587489509202624
0.4008449135395151
0.6345951890041792
0.2086506962178832
0.5335868658437155
0.5299971403317025
0.2532518525161638
0.40918189617785194
0.04222883269674999
0.028614956602929727
0.38997304904923064
0.5556650006438031
0.6414197250198331
0.08950572895617674
0.4095956771210692
0.3380716001643655
0.01035573086660912
0.22780791714201173
0.12278085607058051
0.21753935450956755
0.1263266177083551
0.19961995337616667
0.4677927638441853
0.31871706194139904
0.1811271290838802
0.1126491932649018
0.39460075331018135
0.04387324395464048
0.0670996729126553
0.007799643789272346
0.5884063530752345
0.04850235658364583
0.1982259603117384
0.29898605882608653
0.14241907191645753
0.1055491896748493
0.6172567674613173
0.40091476387547453
0.6100391332598263
0.2345751617897409
0.2706224552778357
0.18790929488268596
0.144391885983923
0.2849423850992225
0.6293971801352443
0.3587703111016497
0.22807754354394205
0.24542965591301746
0.5567113475949917
0.18893075375517251
0.05816207868160889
0.6451494187368632
0.41213793535298154
0.18483064783700612
0.5912003347432327
0.02303127618291801
0.4411711556805191
0.4404586085845709
0.3994324153161177
0.5206187781935057
0.46584601393315883
0.24493036385238148
0.5566876473520291
0.6394251127878683
0.35501082699648984
0.31481492766491587
0.3739091355354648
0.5886435563187772
0.4387261106369185
0.5840987046801922
0.23445564572493705
0.6198701495870634
0.4291639564812159
0.16550369130367706
0.3396107981148593
0.6055591852800343
0.1790796259595157
0.18025570828200363
0.21749909833645556
0.29776264557118715
0.6301529808287829
0.30662121685443494
0.197390739350056
0.4192654639052561
0.4220197467839694
0.1761719896552082
0.21246203518652731
0.2917024725264908
0.04932931307575153
0.5755441106073673
0.6392021274767383
0.3566995838474078
0.1863544117277412
0.656792886354105
0.3834499580258978
0.35696629811239694
0.46001920616995085
0.24425072066626546
0.020581902928916502
0.6331506761689816
0.0600849750238456
0.2270208552806949
0.09627209484282648
0.06719865178858786
0.36175748328501317
0.4907103126889298
0.6253037082089045
0.47578384389720035
0.017475075734333854
0.36687528456405566
0.6300974067219768
0.42732929416895626
0.579260011031611
0.1434510956363173
0.623749924629594
0.3578897528826801
0.667416975464765
0.3672595002655519