0.14749722211646427
0.003975760354598573
0.0008348628572202782
0.02198810494196615
0.09726771560624556
0.0021421869164635144
0.0011067145409149404
0.00028827387511868257
0.014424202397607841
0.010478377337049472
0.001286131907614057
0.16490967164214665
0.16588757830543702
0.007524147404907091
0.0006796078896530439
0.0004024189665173463
0.00032669771351602207
0.005278335414992062
0.004803211408495182
0.009704209929227419
0.1895951683712443
0.0005106496620606333
0.0017317406642610405
0.015748590748738234
0.005902592657710031
0.0006895769777122496
0.013021710255789208
0.0013528166893316687
0.0017668263071559025
0.13444155982570524
0.003986194987854003
0.06641603585402481
0.00669441042666449
0.003379284677831365
0.0006744013115376652
0.002331213219209054
0.15057144825364477
0.01363438228459844
0.0016331625932864554
0.0036013525851491457
0.0011226979020557714
0.00034681485129069926
0.004240028521031056
0.38660171852424463
0.004150449704290452
0.0027880546457140134
0.0017059824446315998
0.003250974288488796
0.00033885800462994713
0.008584712547370673
0.003079775305576704
0.0008199421467557033
0.2668795105470457
0.00030141001940615133
0.0029549737605962375
0.002096613213008868
0.001384194401155751
0.0002974090533965325
0.43639404494849304
0.5571298064081366
0.01590828276692087
0.0018654395590421702
0.0007908568566516325
0.00023459332263619015
0.3922448847865285
0.00867074615806884
0.004555036803898454
0.0006023425088543993
0.003376966960699825
0.0012496757690137795
0.1839865284681419
0.012703967919700358
0.0025959804062384672
0.03727680931184892
0.0033455752336385485
0.0019699914649965585
0.0008656271424631273
0.19178014474850832
0.028847359064431158
0.21171109566306678
0.0009051521439735528
0.000570561098921298
0.0015010971403952912
0.0004491224521001177
0.09699005379989806
0.00028389993315800107
0.004271747979170376
0.000937126554895777
0.0029726884129642112
0.00024244204795947607
0.0005777728293035588
0.021572461180041268
0.05706533990145751
0.0004445039787541228
0.001565540614540353
0.05307135416578419
0.4021598355569005
0.002073466936963269
0.027892951117107934
0.593998184834274
1.0
1.0
1.0
1.0
0.3441980262546851
1.0
0.9999999999996712
0.9999999995989712
1.0
1.0
1.0
0.9999999899868378
0.9974341968586975
1.0
1.0
1.0
1.0
0.5635510678329477
1.0
0.999999999221242
1.0
0.8771924158009727
0.9957451544784506
0.9999975897015345
0.9911626439564913
0.9947673213508214
0.9460850762150304
0.9999999784074163
1.0
0.9999999999986338
0.9994877710862272
1.0
0.9998491218330654
1.0
0.999994175736558
0.9999692679180153
0.9739997725717575
0.9999930581892943
0.9984275939590086
1.0
0.9995875823244091
1.0
1.0
1.0
0.9999064237104666
0.9593514707484531
0.9999999999999851
0.9999972865764689
0.9999999999999969
0.8549116008871158
1.0
0.9999999903549198
0.8880202138432791
0.9999999999917284
0.9999986229200638
1.0
1.0
0.9999995883178182
1.0
0.999986428397877
0.9998346304618805
0.9714140030378352
0.9999090292293555
0.9999999980250072
0.9999999999999996
0.9999953601860382
1.0
0.9999990321914921
0.9999999995131501
0.9942109359554815
0.9998896711289844
0.9912678944029616
0.9861998640434944
0.9999999990873327
0.9882998747247773
0.9997315136773065
0.9999999999999998
0.9955345121327918
0.9931696253028964
1.0
0.9998829487448132
0.9987354091791807
1.0
0.9999295035053675
0.9999980105583631
0.9772125552064
0.9686579138152361
0.9999999999999996
1.0
0.9999999999950981
1.0
0.9977397935790258
0.9999999999999059
1.0
0.9701928444485096
0.9999999999999203
1.0
0.9989629680920964
0.9111648655754672
1.0